"m0 +++$+++ 10 things i hate about you +++$+++ http://www.dailyscript.com/scripts/10Things.html"
"m1 +++$+++ 1492: conquest of paradise +++$+++ http://www.hundland.org/scripts/1492-ConquestOfParadise.txt"
"m2 +++$+++ 15 minutes +++$+++ http://www.dailyscript.com/scripts/15minutes.html"
"m3 +++$+++ 2001: a space odyssey +++$+++ http://www.scifiscripts.com/scripts/2001.txt"
"m4 +++$+++ 48 hrs. +++$+++ http://www.awesomefilm.com/script/48hours.txt"
"m5 +++$+++ the fifth element +++$+++ http://www.scifiscripts.com/scripts/5thelement.txt"
"m6 +++$+++ 8mm +++$+++ http://www.dailyscript.com/scripts/eight-millimeter.html"
"m7 +++$+++ a nightmare on elm street 4: the dream master +++$+++ http://www.hundland.org/scripts/A-Nightmare-on-Elm-Street-4.txt"
"m8 +++$+++ a nightmare on elm street: the dream child +++$+++ http://www.hundland.org/scripts/A-Nightmare-on-Elm-Street-5.txt"
"m9 +++$+++ the atomic submarine +++$+++ http://leonscripts.tripod.com/scripts/ATOMICSUB.htm"
"m10 +++$+++ affliction +++$+++ http://www.dailyscript.com/scripts/Affliction.txt"
"m11 +++$+++ air force one +++$+++ http://www.dailyscript.com/scripts/AirForceOne_TXT.html"
"m12 +++$+++ airplane ii: the sequel +++$+++ http://www.dailyscript.com/scripts/Airplane2_script.htm"
"m13 +++$+++ airplane! +++$+++ http://www.dailyscript.com/scripts/Airplane_script.htm"
"m14 +++$+++ alien nation +++$+++ http://www.dailyscript.com/scripts/Alien_Nation_Bannon_Cameron_October_1987.html"
"m15 +++$+++ aliens +++$+++ http://www.horrorlair.com/scripts/aliens.html"
"m16 +++$+++ amadeus +++$+++ http://www.dailyscript.com/scripts/Amadeus.txt"
"m17 +++$+++ an american werewolf in london +++$+++ http://www.dailyscript.com/scripts/American%20Werewolf%20In%20London,%20An.txt"
"m18 +++$+++ american madness +++$+++ http://www.dailyscript.com/scripts/American_Madness.html"
"m19 +++$+++ american outlaws +++$+++ http://www.dailyscript.com/scripts/American_Outlaws.html"
"m20 +++$+++ american psycho +++$+++ http://www.dailyscript.com/scripts/american_psycho_unproduced.html"
"m21 +++$+++ antitrust +++$+++ http://www.dailyscript.com/scripts/Antitrust.txt"
"m22 +++$+++ austin powers: international man of mystery +++$+++ http://www.dailyscript.com/scripts/Austin%20Powers%20-%20International%20Man%20Of%20Mystery.txt"
"m23 +++$+++ the avengers +++$+++ http://www.dailyscript.com/scripts/Avengers.html"
"m24 +++$+++ bachelor party +++$+++ http://www.dailyscript.com/scripts/Bachelor%20Party.txt"
"m25 +++$+++ backdraft +++$+++ http://www.dailyscript.com/scripts/Backdraft%20(1991).txt"
"m26 +++$+++ bad lieutenant +++$+++ http://www.dailyscript.com/scripts/Bad%20Lieutenant.txt"
"m27 +++$+++ bamboozled +++$+++ http://www.awesomefilm.com/script/Bamboozled.txt"
"m28 +++$+++ barry lyndon +++$+++ http://www.dailyscript.com/scripts/BarryLyndon.html"
"m29 +++$+++ basic +++$+++ http://www.dailyscript.com/scripts/Basic.txt"
"m30 +++$+++ big fish +++$+++ http://www.dailyscript.com/scripts/Big+Fish.txt"
"m31 +++$+++ birthday girl +++$+++ http://www.dailyscript.com/scripts/Birthday+Girl.txt"
"m32 +++$+++ black snake moan +++$+++ http://www.dailyscript.com/scripts/Black%20Snake%20Moan.txt"
"m33 +++$+++ black rain +++$+++ http://www.angelfire.com/movies/ridleyscott/script/BlackRain.txt"
"m34 +++$+++ blade runner +++$+++ http://www.dailyscript.com/scripts/blade-runner_shooting.html"
"m35 +++$+++ blast from the past +++$+++ http://www.hundland.org/scripts/Blast-from-the-Past.htm"
"m36 +++$+++ blue velvet +++$+++ http://www.dailyscript.com/scripts/Blue+Velvet.txt"
"m37 +++$+++ the boondock saints +++$+++ http://www.dailyscript.com/scripts/Boondock%20Saints,%20The.txt"
"m38 +++$+++ bottle rocket +++$+++ http://www.dailyscript.com/scripts/Bottle+Rocket.txt"
"m39 +++$+++ the bourne supremacy +++$+++ http://www.dailyscript.com/scripts/Bourne+Supremacy,+The.txt"
"m40 +++$+++ braveheart +++$+++ http://www.dailyscript.com/scripts/Braveheart.txt"
"m41 +++$+++ the butterfly effect +++$+++ http://www.dailyscript.com/scripts/Butterfly+Effect,+The.txt"
"m42 +++$+++ casablanca +++$+++ http://www.dailyscript.com/scripts/Casablanca.txt"
"m43 +++$+++ cast away +++$+++ http://www.hundland.org/scripts/CastAway.txt"
"m44 +++$+++ the cider house rules +++$+++ http://www.dailyscript.com/scripts/Cider%20House%20Rules,%20The.txt"
"m45 +++$+++ confidence +++$+++ http://www.dailyscript.com/scripts/Confidence.txt"
"m46 +++$+++ croupier +++$+++ http://www.dailyscript.com/scripts/Croupier.txt"
"m47 +++$+++ dark star +++$+++ http://www.dailyscript.com/scripts/Dark+Star.txt"
"m48 +++$+++ dark angel +++$+++ http://www.hundland.org/scripts/DarkAngel.txt"
"m49 +++$+++ detroit rock city +++$+++ http://www.dailyscript.com/scripts/Detroit+Rock+City.txt"
"m50 +++$+++ donnie darko +++$+++ http://www.dailyscript.com/scripts/Donnie+Darko.txt"
"m51 +++$+++ drop dead gorgeous +++$+++ http://www.dailyscript.com/scripts/Drop+Dead+Gorgeous.txt"
"m52 +++$+++ duck soup +++$+++ http://www.dailyscript.com/scripts/Duck%20Soup.txt"
"m53 +++$+++ the elephant man +++$+++ http://www.dailyscript.com/scripts/Elephant+Man,+The.txt"
"m54 +++$+++ erik the viking +++$+++ http://www.dailyscript.com/scripts/Erik+The+Viking.txt"
"m55 +++$+++ eternal sunshine of the spotless mind +++$+++ http://www.dailyscript.com/scripts/Eternal+Sunshine+Of+The+Spotless+Mind.txt"
"m56 +++$+++ even cowgirls get the blues +++$+++ http://www.dailyscript.com/scripts/Even%20Cowgirls%20Get%20The%20Blues.txt"
"m57 +++$+++ event horizon +++$+++ http://www.dailyscript.com/scripts/Event%20Horizon.txt"
"m58 +++$+++ fantastic four +++$+++ http://www.dailyscript.com/scripts/Fantastic+Four.txt"
"m59 +++$+++ fast times at ridgemont high +++$+++ http://www.dailyscript.com/scripts/Fast+Times+At+Ridgemont+High.txt"
"m60 +++$+++ fear and loathing in las vegas +++$+++ http://www.dailyscript.com/scripts/Fear+&+Loathing+In+Las+Vegas.txt"
"m61 +++$+++ feast +++$+++ http://www.dailyscript.com/scripts/Feast%20-%20Revised%20Draft.txt"
"m62 +++$+++ frances +++$+++ http://www.dailyscript.com/scripts/Frances.txt"
"m63 +++$+++ frankenstein +++$+++ http://www.dailyscript.com/scripts/Frankenstein+(1994).txt"
"m64 +++$+++ friday the 13th +++$+++ http://www.dailyscript.com/scripts/Friday%20The%2013th.txt"
"m65 +++$+++ from dusk till dawn +++$+++ http://www.dailyscript.com/scripts/From%20Dusk%20Till%20Dawn.txt"
"m66 +++$+++ g.i. jane +++$+++ http://www.angelfire.com/movies/ridleyscott/script/GIJane.txt"
"m67 +++$+++ godzilla +++$+++ http://www.scifiscripts.com/scripts/GODZILLAfirst.txt"
"m68 +++$+++ galaxy quest +++$+++ http://www.scifiscripts.com/scripts/GalaxyQuest.txt"
"m69 +++$+++ george washington +++$+++ http://www.fortunecity.com/tattooine/clarke/38/scripts/GeorgeWashington.txt"
"m70 +++$+++ get shorty +++$+++ http://www.dailyscript.com/scripts/Get+Shorty.txt"
"m71 +++$+++ ghost ship +++$+++ http://www.whiskeyloosetongue.com/scripts/ghostship.html"
"m72 +++$+++ ghost world +++$+++ http://www.dailyscript.com/scripts/Ghost%20World.txt"
"m73 +++$+++ the ghost and the darkness +++$+++ http://www.dailyscript.com/scripts/Ghost%20And%20The%20Darkness,%20The.txt"
"m74 +++$+++ ghostbusters ii +++$+++ http://www.scifiscripts.com/scripts/Ghostbusters-2.txt"
"m75 +++$+++ ghostbusters +++$+++ http://www.scifiscripts.com/scripts/Ghostbusters.txt"
"m76 +++$+++ gladiator +++$+++ http://www.angelfire.com/movies/ridleyscott/script/gladiator_seconddraft.txt"
"m77 +++$+++ the graduate +++$+++ http://www.dailyscript.com/scripts/Graduate,+The.txt"
"m78 +++$+++ grand hotel +++$+++ http://www.dailyscript.com/scripts/Grand%20Hotel.txt"
"m79 +++$+++ the grifters +++$+++ http://www.dailyscript.com/scripts/Grifters_Westlake.html"
"m80 +++$+++ halloween h20: 20 years later +++$+++ http://www.horrorlair.com/scripts/H20.txt"
"m81 +++$+++ halloween: the curse of michael myers +++$+++ http://www.dailyscript.com/scripts/Halloween_6_The_Curse_of_Michael_Myers.html"
"m82 +++$+++ happy birthday, wanda june +++$+++ http://www.dailyscript.com/scripts/Happy_Birthday_Wanda_JUne.html"
"m83 +++$+++ hardcore +++$+++ http://www.dailyscript.com/scripts/Hardcore.txt"
"m84 +++$+++ harold and maude +++$+++ http://home.online.no/~bhundlan/scripts/Harold-and-Maude.htm"
"m85 +++$+++ hellbound: hellraiser ii +++$+++ http://www.dailyscript.com/scripts/Hellbound+-+Hellraiser+II.txt"
"m86 +++$+++ hellboy +++$+++ http://www.dailyscript.com/scripts/Hellboy.txt"
"m87 +++$+++ hellraiser +++$+++ http://www.dailyscript.com/scripts/Hellraiser.txt"
"m88 +++$+++ high fidelity +++$+++ http://www.dailyscript.com/scripts/High%20Fidelity.txt"
"m89 +++$+++ highlander +++$+++ http://www.scifiscripts.com/scripts/Highlander_final.txt"
"m90 +++$+++ his girl friday +++$+++ http://www.dailyscript.com/scripts/His%20Girl%20Friday.txt"
"m91 +++$+++ hope and glory +++$+++ http://www.dailyscript.com/scripts/Hope+And+Glory.txt"
"m92 +++$+++ house of 1000 corpses +++$+++ http://www.dailyscript.com/scripts/House%20Of%201000%20Corpses.txt"
"m93 +++$+++ human nature +++$+++ http://www.dailyscript.com/scripts/Human+Nature.txt"
"m94 +++$+++ the hustler +++$+++ http://www.dailyscript.com/scripts/Hustler,+The.txt"
"m95 +++$+++ i am legend +++$+++ http://www.horrorlair.com/scripts/legend.txt"
"m96 +++$+++ invaders from mars +++$+++ http://leonscripts.tripod.com/scripts/INVADERSold.htm"
"m97 +++$+++ independence day +++$+++ http://www.dailyscript.com/scripts/Independence+Day.txt"
"m98 +++$+++ indiana jones and the last crusade +++$+++ http://www.dailyscript.com/scripts/Indiana%20Jones%20And%20The%20Last%20Crusade.txt"
"m99 +++$+++ indiana jones and the temple of doom +++$+++ http://www.dailyscript.com/scripts/Indiana%20Jones%20And%20The%20Temple%20Of%20Doom.txt"
"m100 +++$+++ innerspace +++$+++ http://www.scifiscripts.com/scripts/InnerSpace.txt"
"m101 +++$+++ the insider +++$+++ http://www.dailyscript.com/scripts/Insider,+The.txt"
"m102 +++$+++ intolerable cruelty +++$+++ http://www.dailyscript.com/scripts/Intolerable%20Cruelty.txt"
"m103 +++$+++ it happened one night +++$+++ http://www.dailyscript.com/scripts/It+Happened+One+Night.txt"
"m104 +++$+++ jfk +++$+++ http://www.dailyscript.com/scripts/JFK.txt"
"m105 +++$+++ jackie brown +++$+++ http://www.dailyscript.com/scripts/Jackie+Brown.txt"
"m106 +++$+++ jacob's ladder +++$+++ http://www.dailyscript.com/scripts/Jacobs+Ladder.txt"
"m107 +++$+++ jason x +++$+++ http://www.dailyscript.com/scripts/Jason+X.txt"
"m108 +++$+++ jaws +++$+++ http://www.dailyscript.com/scripts/Jaws.txt"
"m109 +++$+++ juno +++$+++ http://www.dailyscript.com/scripts/Juno.txt"
"m110 +++$+++ kalifornia +++$+++ http://www.dailyscript.com/scripts/Kalifornia.txt"
"m111 +++$+++ kids +++$+++ http://www.dailyscript.com/scripts/Kids.txt"
"m112 +++$+++ knight moves +++$+++ http://www.scifiscripts.com/msol/Knight_m.txt"
"m113 +++$+++ krull +++$+++ http://www.dailyscript.com/scripts/Krull.html"
""
"m115 +++$+++ labor of love +++$+++ http://www.fortunecity.com/tattooine/clarke/38/scripts/LaborOfLove.txt"
"m116 +++$+++ leaving las vegas +++$+++ http://www.dailyscript.com/scripts/Leaving+Las+Vegas.txt"
"m117 +++$+++ legally blonde +++$+++ http://www.dailyscript.com/scripts/Legally%20Blonde.txt"
"m118 +++$+++ legend +++$+++ http://www.angelfire.com/movies/ridleyscott/script/LegendOfDarkness.txt"
"m119 +++$+++ life as a house +++$+++ http://www.dailyscript.com/scripts/LifeAsAHouse.html"
"m120 +++$+++ the life of david gale +++$+++ http://www.dailyscript.com/scripts/Life.txt"
"m121 +++$+++ little nicky +++$+++ http://www.dailyscript.com/scripts/Little+Nicky.txt"
"m122 +++$+++ logan's run +++$+++ http://www.dailyscript.com/scripts/Logans+Run.txt"
"m123 +++$+++ lost highway +++$+++ http://www.dailyscript.com/scripts/Lost+Highway.txt"
"m124 +++$+++ lost horizon +++$+++ http://www.dailyscript.com/scripts/Lost_Horizon.html"
"m125 +++$+++ men in black +++$+++ http://www.dailyscript.com/scripts/Men+In+Black.txt"
"m126 +++$+++ minority report +++$+++ http://www.dailyscript.com/scripts/Minority%20Report.txt"
"m127 +++$+++ made +++$+++ http://www.dailyscript.com/scripts/Made.txt"
"m128 +++$+++ malcolm x +++$+++ http://www.dailyscript.com/scripts/Malcolm+X.txt"
"m129 +++$+++ man on fire +++$+++ http://www.dailyscript.com/scripts/Man+On+Fire.txt"
"m130 +++$+++ marty +++$+++ http://www.dailyscript.com/scripts/Marty.txt"
"m131 +++$+++ mash +++$+++ http://www.dailyscript.com/scripts/MASH.txt"
"m132 +++$+++ meet john doe +++$+++ http://www.dailyscript.com/scripts/Meet_John_Doe.html"
"m133 +++$+++ metro +++$+++ http://www.dailyscript.com/scripts/Metro.txt"
"m134 +++$+++ metropolis +++$+++ http://www.angelfire.com/movies/ridleyscott/script/Metropolis.txt"
"m135 +++$+++ mighty morphin power rangers +++$+++ http://www.hundland.org/scripts/MightyMorphinPowerRangers.txt"
"m136 +++$+++ mobsters +++$+++ http://www.dailyscript.com/scripts/Mobsters.txt"
"m137 +++$+++ monkeybone +++$+++ http://www.dailyscript.com/scripts/MonkeyBone_script.htm"
"m138 +++$+++ my mother dreams the satan's disciples in new york +++$+++ http://www.moviemalls.com/papers/MotherDreamsFD.txt"
"m139 +++$+++ mr. smith goes to washington +++$+++ http://www.dailyscript.com/scripts/Mr%20Smith%20Goes%20To%20Washington.txt"
"m140 +++$+++ mr. deeds goes to town +++$+++ http://www.dailyscript.com/scripts/Mr._Deeds_Goes_to_Town.html"
"m141 +++$+++ mumford +++$+++ http://www.dailyscript.com/scripts/Mumford.txt"
"m142 +++$+++ the mummy +++$+++ http://www.dailyscript.com/scripts/Mummy,+The.txt"
"m143 +++$+++ mystery men +++$+++ http://www.dailyscript.com/scripts/Mystery+Men.txt"
"m144 +++$+++ napoleon +++$+++ http://web.archive.org/web/20010625040837/www.interlink.es/cookies/guion/Napoleon.txt"
"m145 +++$+++ next friday +++$+++ http://www.dailyscript.com/scripts/Next_Friday.html"
"m146 +++$+++ nick of time +++$+++ http://www.dailyscript.com/scripts/Nick-Of-Time-script.html"
"m147 +++$+++ the night of the hunter +++$+++ http://www.dailyscript.com/scripts/Night+Of+The+Hunter,+The.txt"
"m148 +++$+++ a nightmare on elm street +++$+++ http://www.dailyscript.com/scripts/Nightmare+On+Elm+Street,+A.txt"
"m149 +++$+++ ninotchka +++$+++ http://www.dailyscript.com/scripts/Ninotchka.txt"
"m150 +++$+++ nixon +++$+++ http://home.online.no/~bhundlan/scripts/Nixon.txt"
"m151 +++$+++ no country for old men +++$+++ http://www.dailyscript.com/scripts/No%20Country%20For%20Old%20Men%20(Shooting).txt"
"m152 +++$+++ nurse betty +++$+++ http://www.dailyscript.com/scripts/Nurse%20Betty.txt"
"m153 +++$+++ o brother, where art thou? +++$+++ http://www.dailyscript.com/scripts/O%20Brother%20Where%20Art%20Thou.txt"
"m154 +++$+++ an officer and a gentleman +++$+++ http://www.dailyscript.com/scripts/Officer+And+A+Gentleman,+An.txt"
"m155 +++$+++ panic room +++$+++ http://www.dailyscript.com/scripts/Panic_Room_Koepp.html"
"m156 +++$+++ panther +++$+++ http://www.dailyscript.com/scripts/Panther.txt"
"m157 +++$+++ the patriot +++$+++ http://www.dailyscript.com/scripts/Patriot_1999.html"
"m158 +++$+++ pet sematary +++$+++ http://www.dailyscript.com/scripts/Pet-Sematary.html"
"m159 +++$+++ pirates of the caribbean +++$+++ http://www.wordplayer.com/archives/PIRATES.cover.html"
"m160 +++$+++ plastic man +++$+++ http://www.scifiscripts.com/scripts/PlasticMan.txt"
"m161 +++$+++ platinum blonde +++$+++ http://www.dailyscript.com/scripts/Platinum_Blonde.html"
"m162 +++$+++ pleasantville +++$+++ http://www.hundland.org/scripts/Pleasantville.htm"
"m163 +++$+++ punch-drunk love +++$+++ http://www.dailyscript.com/scripts/Punch-Drunk_Love.html"
"m164 +++$+++ quills +++$+++ http://www.dailyscript.com/scripts/Quills.txt"
"m165 +++$+++ rko 281 +++$+++ http://www.dailyscript.com/scripts/RKO218.html"
"m166 +++$+++ raging bull +++$+++ http://www.dailyscript.com/scripts/Raging+Bull.txt"
"m167 +++$+++ rear window +++$+++ http://www.dailyscript.com/scripts/Rear+Window.txt"
"m168 +++$+++ rebel without a cause +++$+++ http://www.dailyscript.com/scripts/Rebel_Without_A_Cause.html"
"m169 +++$+++ reindeer games +++$+++ http://www.dailyscript.com/scripts/Reindeer+Games.txt"
"m170 +++$+++ reservoir dogs +++$+++ http://www.dailyscript.com/scripts/Reservoir+Dogs.txt"
"m171 +++$+++ roughshod +++$+++ http://www.dailyscript.com/scripts/Roughshod.txt"
"m172 +++$+++ scary movie 2 +++$+++ http://www.dailyscript.com/scripts/Scary+Movie+2.txt"
"m173 +++$+++ serial mom +++$+++ http://www.dailyscript.com/scripts/Serial+Mom.txt"
"m174 +++$+++ the seventh victim +++$+++ http://www.dailyscript.com/scripts/SeventhVictim.htm"
"m175 +++$+++ sex, lies, and videotape +++$+++ http://www.dailyscript.com/scripts/Sex+Lies+And+Videotape.txt"
"m176 +++$+++ shivers +++$+++ http://www.dailyscript.com/scripts/Shivers.txt"
"m177 +++$+++ shock treatment +++$+++ http://www.horrorlair.com/scripts/ShockTreatmentShootingScript.txt"
"m178 +++$+++ sideways +++$+++ http://www.dailyscript.com/scripts/Sideways.txt"
"m179 +++$+++ signs +++$+++ http://www.dailyscript.com/scripts/Signs.txt"
"m180 +++$+++ silverado +++$+++ http://www.dailyscript.com/scripts/Silverado.txt"
"m181 +++$+++ simone +++$+++ http://www.dailyscript.com/scripts/Simone_Andrew_Niccol.html"
"m182 +++$+++ the sixth sense +++$+++ http://www.dailyscript.com/scripts/Sixth%20Sense,%20The.txt"
"m183 +++$+++ slash +++$+++ http://www.dailyscript.com/scripts/Slash.txt"
"m184 +++$+++ slither +++$+++ http://www.dailyscript.com/scripts/SliTHER.html"
"m185 +++$+++ smokey and the bandit +++$+++ http://www.dailyscript.com/scripts/Smokey%20And%20The%20Bandit.txt"
"m186 +++$+++ smokin' aces +++$+++ http://www.dailyscript.com/scripts/Smokin'+Aces.txt"
"m187 +++$+++ solaris +++$+++ http://www.dailyscript.com/scripts/Solaris.txt"
"m188 +++$+++ someone to watch over me +++$+++ http://www.angelfire.com/movies/ridleyscott/script/SomeoneToWatchOverMe.txt"
"m189 +++$+++ spider-man +++$+++ http://www.dailyscript.com/scripts/Spider-Man%20(Unproduced).txt"
"m190 +++$+++ stalag 17 +++$+++ http://www.dailyscript.com/scripts/Stalag%2017.txt"
"m191 +++$+++ star trek: generations +++$+++ http://www.scifiscripts.com/scripts/StarTrekGenerations.txt"
"m192 +++$+++ star trek iii: the search for spock +++$+++ http://www.scifiscripts.com/scripts/Trek/Star_Trek_III.htm"
"m193 +++$+++ star trek: the wrath of khan +++$+++ http://www.scifiscripts.com/scripts/startrek2_wrathofkhan.txt"
"m194 +++$+++ star trek iv: the voyage home +++$+++ http://www.scifiscripts.com/scripts/Trek/Star_Trek_IV.htm"
"m195 +++$+++ star trek: insurrection +++$+++ http://www.scifiscripts.com/scripts/Trek/Star_Trek_IX.htm"
"m196 +++$+++ star trek: first contact +++$+++ http://www.scifiscripts.com/scripts/Trek/Star_Trek_VIII.htm"
"m197 +++$+++ star trek vi: the undiscovered country +++$+++ http://www.scifiscripts.com/scripts/StarTrek6-TheUndiscoveredCountry.txt"
"m198 +++$+++ star trek: nemesis +++$+++ http://www.scifiscripts.com/scripts/Trek/Star_Trek_X.htm"
"m199 +++$+++ starman +++$+++ http://www.dailyscript.com/scripts/Starman.txt"
"m200 +++$+++ strange days +++$+++ http://www.scifiscripts.com/scripts/StrangeDays.txt"
"m201 +++$+++ suspect zero +++$+++ http://www.dailyscript.com/scripts/Suspect%20Zero%20(Unproduced).txt"
"m202 +++$+++ swingers +++$+++ http://www.dailyscript.com/scripts/Swingers.txt"
"m203 +++$+++ the godfather +++$+++ http://www.dailyscript.com/scripts/Godfather,%20The.txt"
"m204 +++$+++ the talented mr. ripley +++$+++ http://www.dailyscript.com/scripts/Talented%20Mr%20Ripley,%20The.txt"
"m205 +++$+++ taxi driver +++$+++ http://www.dailyscript.com/scripts/Taxi%20Driver.txt"
"m206 +++$+++ the rock +++$+++ http://www.awesomefilm.com/script/The-Rock.txt"
"m207 +++$+++ the majestic +++$+++ http://www.dailyscript.com/scripts/Majestic,+The.txt"
"m208 +++$+++ the birds +++$+++ http://www.dailyscript.com/scripts/Birds,%20The.txt"
"m209 +++$+++ the body snatcher +++$+++ http://www.dailyscript.com/scripts/TheBodySnatcher.htm"
"m210 +++$+++ the crow: salvation +++$+++ http://www.hundland.org/scripts/TheCrowSalvation.htm"
"m211 +++$+++ the day the earth stood still +++$+++ http://www.dailyscript.com/scripts/Day%20The%20Earth%20Stood%20Still,%20The.txt"
"m212 +++$+++ the lost boys +++$+++ http://home.online.no/~bhundlan/scripts/TheLostBoys.htm"
"m213 +++$+++ the thing +++$+++ http://www.dailyscript.com/scripts/Thing,+The.txt"
"m214 +++$+++ the time machine +++$+++ http://www.dailyscript.com/scripts/TheTimeMachine_1959.html"
"m215 +++$+++ the jacket +++$+++ http://www.dailyscript.com/scripts/The_Jacket.html"
"m216 +++$+++ thelma & louise +++$+++ http://www.dailyscript.com/scripts/Thelma%20And%20Louise.txt"
"m217 +++$+++ there's something about mary +++$+++ http://www.dailyscript.com/scripts/There's+Something+About+Mary.txt"
"m218 +++$+++ thirteen days +++$+++ http://www.dailyscript.com/scripts/Thirteen+Days.txt"
"m219 +++$+++ thunderheart +++$+++ http://www.dailyscript.com/scripts/Thunderheart.txt"
"m220 +++$+++ top gun +++$+++ http://www.dailyscript.com/scripts/TopGun.html"
"m221 +++$+++ total recall +++$+++ http://www.scifiscripts.com/scripts/totalrecall_5th_draft.txt"
"m222 +++$+++ tremors +++$+++ http://home.online.no/~bhundlan/scripts/Tremors.htm"
"m223 +++$+++ true believer +++$+++ http://www.dailyscript.com/scripts/True%20Believer.txt"
"m224 +++$+++ twin peaks: fire walk with me +++$+++ http://www.dailyscript.com/scripts/Twin+Peaks+-+Fire+Walk+With+Me.txt"
"m225 +++$+++ the verdict +++$+++ http://www.dailyscript.com/scripts/Verdict,+The.txt"
"m226 +++$+++ the war of the worlds +++$+++ http://www.scifiscripts.com/scripts/WARWORLDS.txt"
"m227 +++$+++ new nightmare +++$+++ http://www.hundland.org/scripts/WesCravensNewNightmare.txt"
"m228 +++$+++ white squall +++$+++ http://www.angelfire.com/movies/ridleyscott/script/WhiteSquall.txt"
"m229 +++$+++ wild at heart +++$+++ http://www.dailyscript.com/scripts/Wild+At+Heart.txt"
"m230 +++$+++ wonder boys +++$+++ http://www.dailyscript.com/scripts/Wonder+Boys.txt"
"m231 +++$+++ the woodsman +++$+++ http://www.dailyscript.com/scripts/Woodsman,+The.txt"
"m232 +++$+++ the abyss +++$+++ http://www.dailyscript.com/scripts/abyss.html"
"m233 +++$+++ l'avventura +++$+++ http://www.aellea.com/script/adventure.txt"
"m234 +++$+++ agnes of god +++$+++ http://www.awesomefilm.com/script/agnesofgod.txt"
"m235 +++$+++ a hard day's night +++$+++ http://www.dailyscript.com/scripts/Hard+Day's+Night,+A.txt"
"m236 +++$+++ alien +++$+++ http://www.horrorlair.com/scripts/alien.html"
"m237 +++$+++ alien vs. predator +++$+++ http://www.scifiscripts.com/scripts/aliens_vs_predator.txt"
"m238 +++$+++ all about eve +++$+++ http://www.dailyscript.com/scripts/All%20About%20Eve.txt"
"m239 +++$+++ all the president's men +++$+++ http://www.dailyscript.com/scripts/All%20The%20President's%20Men.txt"
"m240 +++$+++ american pie +++$+++ http://www.dailyscript.com/scripts/american-pie_production.html"
"m241 +++$+++ an american werewolf in paris +++$+++ http://www.scifiscripts.com/scripts/american_werewolf_paris.txt"
"m242 +++$+++ anastasia +++$+++ http://www.moviescriptsandscreenplays.com/johncusack/scripts/anastasia.txt"
"m243 +++$+++ annie hall +++$+++ http://www.dailyscript.com/scripts/Annie%20Hall.txt"
"m244 +++$+++ the anniversary party +++$+++ http://www.dailyscript.com/scripts/anniversaryparty.html"
"m245 +++$+++ antz +++$+++ http://www.dailyscript.com/scripts/antz.html"
"m246 +++$+++ the apartment +++$+++ http://www.dailyscript.com/scripts/apartment.html"
"m247 +++$+++ apocalypse now +++$+++ http://www.dailyscript.com/scripts/apocalypsenowredux.html"
"m248 +++$+++ arctic blue +++$+++ http://www.awesomefilm.com/script/arcticblue.txt"
"m249 +++$+++ as good as it gets +++$+++ http://www.dailyscript.com/scripts/As+Good+As+It+Gets.txt"
"m250 +++$+++ assassins +++$+++ http://www.dailyscript.com/scripts/assassins_shooting.html"
"m251 +++$+++ asylum +++$+++ http://www.awesomefilm.com/script/asylum.txt"
"m252 +++$+++ a walk to remember +++$+++ http://www.dailyscript.com/scripts/awalktoremember.html"
"m253 +++$+++ back to the future +++$+++ http://www.scifiscripts.com/scripts/backtothefuture_early.txt"
"m254 +++$+++ badlands +++$+++ http://www.dailyscript.com/scripts/Badlands.txt"
"m255 +++$+++ the adventures of buckaroo banzai across the 8th dimension +++$+++ http://www.scifiscripts.com/scripts/banzai_script.txt"
"m256 +++$+++ barton fink +++$+++ http://www.dailyscript.com/scripts/Barton%20Fink.txt"
"m257 +++$+++ basic instinct +++$+++ http://www.dailyscript.com/scripts/basic_instinct.html"
"m258 +++$+++ basquiat +++$+++ http://www.awesomefilm.com/script/basquiat.txt"
"m259 +++$+++ batman returns +++$+++ http://www.dailyscript.com/scripts/batman-returns_shooting.html"
"m260 +++$+++ batman and robin +++$+++ http://www.scifiscripts.com/scripts/batmanandrobin.txt"
"m261 +++$+++ batman forever +++$+++ http://www.scifiscripts.com/scripts/batmanforever.txt"
"m262 +++$+++ batman +++$+++ http://www.scifiscripts.com/scripts/batmanscript1.txt"
"m263 +++$+++ bean +++$+++ http://www.awesomefilm.com/script/bean.html"
"m264 +++$+++ beavis and butt-head do america +++$+++ http://www.dailyscript.com/scripts/beavis_and_butthead_do_america.html"
"m265 +++$+++ beetle juice +++$+++ http://www.dailyscript.com/scripts/beetlejuice_skaaren_final.html"
"m266 +++$+++ being there +++$+++ http://www.dailyscript.com/scripts/Being+There.txt"
"m267 +++$+++ being john malkovich +++$+++ http://www.dailyscript.com/scripts/beingjohnmalkovich.html"
"m268 +++$+++ beloved +++$+++ http://www.dailyscript.com/scripts/beloved_lagravenese.html"
"m269 +++$+++ the big lebowski +++$+++ http://www.dailyscript.com/scripts/Big%20Lebowski,%20The.txt"
"m270 +++$+++ the black dahlia +++$+++ http://www.dailyscript.com/scripts/black-dahlia_early.html"
"m271 +++$+++ blade ii +++$+++ http://www.horrorlair.com/scripts/blade2.html"
"m272 +++$+++ blade +++$+++ http://www.horrorlair.com/scripts/blade.html"
"m273 +++$+++ book of shadows: blair witch 2 +++$+++ http://www.dailyscript.com/scripts/blair-witch-2.html"
"m274 +++$+++ blood simple. +++$+++ http://www.dailyscript.com/scripts/Blood%20Simple.txt"
"m275 +++$+++ bloodmoon +++$+++ http://www.horrorlair.com/scripts/bloodmoon.html"
"m276 +++$+++ blow +++$+++ http://www.dailyscript.com/scripts/blow.html"
"m277 +++$+++ la battaglia di algeri +++$+++ http://www.dailyscript.com/scripts/boa.html"
"m278 +++$+++ body of evidence +++$+++ http://www.awesomefilm.com/script/bodyofevidence.txt"
"m279 +++$+++ the bridges of madison county +++$+++ http://www.awesomefilm.com/script/bomc.txt"
"m280 +++$+++ bones +++$+++ http://www.horrorlair.com/HorrorWorld/newyork/bones.html"
"m281 +++$+++ bound +++$+++ http://www.hundland.org/scripts/Bound_FirstDraft.txt"
"m282 +++$+++ the bourne identity +++$+++ http://www.dailyscript.com/scripts/Bourne+Identity,+The.txt"
"m283 +++$+++ brazil +++$+++ http://www.scifiscripts.com/scripts/brazil.txt"
"m284 +++$+++ bringing out the dead +++$+++ http://www.dailyscript.com/scripts/Bringing+Out+The+Dead.txt"
"m285 +++$+++ broadcast news +++$+++ http://www.dailyscript.com/scripts/broadc_news.html"
"m286 +++$+++ a bucket of blood +++$+++ http://www.scifiscripts.com/msol/bucket_of_blood.txt"
"m287 +++$+++ buffy the vampire slayer +++$+++ http://www.dailyscript.com/scripts/buffy_the_vampire_slayer.html"
"m288 +++$+++ bull durham +++$+++ http://www.dailyscript.com/scripts/Bull+Durham.txt"
"m289 +++$+++ casino +++$+++ http://www.dailyscript.com/scripts/Casino.txt"
"m290 +++$+++ catwoman +++$+++ http://www.scifiscripts.com/scripts/catwoman.txt"
"m291 +++$+++ cellular +++$+++ http://www.dailyscript.com/scripts/cellular_cohen.html"
"m292 +++$+++ the crying game +++$+++ http://www.dailyscript.com/scripts/Crying%20Game,%20The.txt"
"m293 +++$+++ charade +++$+++ http://www.dailyscript.com/scripts/Charade.txt"
"m294 +++$+++ cherry falls +++$+++ http://www.scifiscripts.com/msol/cherryfalls.txt"
"m295 +++$+++ chill factor +++$+++ http://www.awesomefilm.com/script/chillfactor.html"
"m296 +++$+++ chinatown +++$+++ http://www.dailyscript.com/scripts/Chinatown.txt"
"m297 +++$+++ nuovo cinema paradiso +++$+++ http://www.dailyscript.com/scripts/cinema_paradiso.html"
"m298 +++$+++ citizen kane +++$+++ http://www.aellea.com/script/citizenkane_script.txt"
"m299 +++$+++ clerks. +++$+++ http://www.dailyscript.com/scripts/Clerks.txt"
"m300 +++$+++ cliffhanger +++$+++ http://www.dailyscript.com/scripts/cliffhanger_stallone.html"
"m301 +++$+++ a clockwork orange +++$+++ http://www.scifiscripts.com/scripts/clockwork.txt"
"m302 +++$+++ collateral +++$+++ http://www.dailyscript.com/scripts/collateral_darabont.html"
"m303 +++$+++ conspiracy theory +++$+++ http://www.dailyscript.com/scripts/conspiracy-theory.html"
"m304 +++$+++ contact +++$+++ http://www.scifiscripts.com/scripts/contact.txt"
"m305 +++$+++ cool hand luke +++$+++ http://www.aellea.com/script/cool_hand_luke.html"
"m306 +++$+++ copycat +++$+++ http://www.dailyscript.com/scripts/copycat.html"
"m307 +++$+++ crash +++$+++ http://www.dailyscript.com/scripts/Crash+(1996).txt"
"m308 +++$+++ crazy love +++$+++ http://www.dailyscript.com/scripts/crazy_love.html"
"m309 +++$+++ crime spree +++$+++ http://www.dailyscript.com/scripts/crimespree.html"
"m310 +++$+++ crouching tiger, hidden dragon +++$+++ http://www.awesomefilm.com/script/crouchingtiger.txt"
"m311 +++$+++ the crow +++$+++ http://www.horrorlair.com/scripts/crow.txt"
"m312 +++$+++ cruel intentions +++$+++ http://www.dailyscript.com/scripts/cruel-intentions.html"
"m313 +++$+++ the curse of the cat people +++$+++ http://www.dailyscript.com/scripts/cursecat.htm"
"m314 +++$+++ the curse +++$+++ http://www.horrorlair.com/scripts/cursethe.txt"
"m315 +++$+++ dark city +++$+++ http://www.dailyscript.com/scripts/dark-city_early-rewrite.html"
"m316 +++$+++ dave +++$+++ http://www.scifiscripts.com/msol/dave.txt"
"m317 +++$+++ day of the dead +++$+++ http://www.horrorlair.com/scripts/dayofthedead.txt"
"m318 +++$+++ dead poets society +++$+++ http://www.dailyscript.com/scripts/Dead%20Poets%20Society.txt"
"m319 +++$+++ deep rising +++$+++ http://www.horrorlair.com/scripts/deeprising.txt"
"m320 +++$+++ the deer hunter +++$+++ http://www.dailyscript.com/scripts/deer_hunter.html"
"m321 +++$+++ demolition man +++$+++ http://www.dailyscript.com/scripts/demolition-man_production.html"
"m322 +++$+++ the devil and daniel webster +++$+++ http://www.aellea.com/script/devilanddanielwebster.txt"
"m323 +++$+++ die hard +++$+++ http://www.awesomefilm.com/script/diehard.html"
"m324 +++$+++ dog day afternoon +++$+++ http://www.awesomefilm.com/script/dog_day_afternoon.txt"
"m325 +++$+++ domino +++$+++ http://www.dailyscript.com/scripts/domino.html"
"m326 +++$+++ do the right thing +++$+++ http://www.awesomefilm.com/script/dotherightthing.txt"
"m327 +++$+++ dumb and dumberer: when harry met lloyd +++$+++ http://web.archive.org/web/20040611014121/www.awesomefilm.com/script/dumbanddumberer.html"
"m328 +++$+++ dune +++$+++ http://www.scifiscripts.com/scripts/dune.txt"
"m329 +++$+++ ed wood +++$+++ http://www.dailyscript.com/scripts/ed-wood.html"
"m330 +++$+++ edtv +++$+++ http://www.dailyscript.com/scripts/edtv.html"
"m331 +++$+++ election +++$+++ http://www.dailyscript.com/scripts/election.html"
"m332 +++$+++ l.a. confidential +++$+++ http://www.dailyscript.com/scripts/LA%20Confidential.txt"
"m333 +++$+++ enemy of the state +++$+++ http://www.dailyscript.com/scripts/enemyofthestate.html"
"m334 +++$+++ the english patient +++$+++ http://www.dailyscript.com/scripts/englishpatient.html"
"m335 +++$+++ entrapment +++$+++ http://www.dailyscript.com/scripts/entrapment_production.html"
"m336 +++$+++ erin brockovich +++$+++ http://www.dailyscript.com/scripts/Erin+Brockovich.txt"
"m337 +++$+++ star wars: the empire strikes back +++$+++ http://www.scifiscripts.com/scripts/esb_final.txt"
"m338 +++$+++ escape from the planet of the apes +++$+++ http://www.scifiscripts.com/scripts/escape_pota.txt"
"m339 +++$+++ escape from l.a. +++$+++ http://www.scifiscripts.com/scripts/escapela.txt"
"m340 +++$+++ excalibur +++$+++ http://www.dailyscript.com/scripts/Excalibur.txt"
"m341 +++$+++ the exorcist +++$+++ http://www.horrorlair.com/scripts/exorcist.html"
"m342 +++$+++ the fabulous baker boys +++$+++ http://www.dailyscript.com/scripts/Fabulous_Baker_boys_final.html"
"m343 +++$+++ face/off +++$+++ http://www.dailyscript.com/scripts/faceoff_production.html"
"m344 +++$+++ the family man +++$+++ http://www.dailyscript.com/scripts/familyman.html"
"m345 +++$+++ the fantastic four +++$+++ http://www.dailyscript.com/scripts/fantasticfour.html"
"m346 +++$+++ fantastic voyage +++$+++ http://www.scifiscripts.com/scripts/fantasticvoyager.txt"
"m347 +++$+++ fargo +++$+++ http://www.dailyscript.com/scripts/Fargo.txt"
"m348 +++$+++ fight club +++$+++ http://www.scifiscripts.com/scripts/fight_club_shoot.txt"
"m349 +++$+++ final destination 2 +++$+++ http://www.dailyscript.com/scripts/final_destination2.html"
"m350 +++$+++ final destination +++$+++ http://www.horrorlair.com/scripts/finaldestination.txt"
"m351 +++$+++ rambo: first blood part ii +++$+++ http://www.dailyscript.com/scripts/rambo_first_blood_2.html"
"m352 +++$+++ the fisher king +++$+++ http://www.dailyscript.com/scripts/fisher-king_shooting.html"
"m353 +++$+++ five easy pieces +++$+++ http://www.dailyscript.com/scripts/fiveeasypieces.html"
"m354 +++$+++ five feet high and rising +++$+++ http://www.dailyscript.com/scripts/fivefeetandrising.html"
"m355 +++$+++ fletch +++$+++ http://www.dailyscript.com/scripts/Fletch.txt"
"m356 +++$+++ the adventures of ford fairlane +++$+++ http://www.dailyscript.com/scripts/ford-fairlane_early.html"
"m357 +++$+++ the french connection +++$+++ http://www.dailyscript.com/scripts/frenchconnection.html"
"m358 +++$+++ frequency +++$+++ http://www.dailyscript.com/scripts/frequency.html"
"m359 +++$+++ friday the 13th part iii +++$+++ http://www.horrorlair.com/scripts/friday13th3.txt"
"m360 +++$+++ jason lives: friday the 13th part vi +++$+++ http://www.horrorlair.com/scripts/friday13th6.txt"
"m361 +++$+++ jason goes to hell: the final friday +++$+++ http://www.horrorlair.com/scripts/friday13thjasongoestohell.txt"
"m362 +++$+++ friday the 13th part viii: jason takes manhattan +++$+++ http://www.dailyscript.com/scripts/friday_13_8.html"
"m363 +++$+++ game 6 +++$+++ http://www.dailyscript.com/scripts/game_6.html"
"m364 +++$+++ gandhi +++$+++ http://www.dailyscript.com/scripts/Gandhi.txt"
"m365 +++$+++ gattaca +++$+++ http://www.dailyscript.com/scripts/gattaca_early.html"
"m366 +++$+++ the getaway +++$+++ http://www.dailyscript.com/scripts/getaway.html"
"m367 +++$+++ get carter +++$+++ http://www.dailyscript.com/scripts/getcarter.html"
"m368 +++$+++ glengarry glen ross +++$+++ http://www.dailyscript.com/scripts/glengarry.html"
"m369 +++$+++ the godfather: part ii +++$+++ http://www.dailyscript.com/scripts/godfather2.html"
"m370 +++$+++ gods and monsters +++$+++ http://www.dailyscript.com/scripts/Gods%20And%20Monsters.txt"
"m371 +++$+++ gone in sixty seconds +++$+++ http://www.dailyscript.com/scripts/gone_in_60_seconds.html"
"m372 +++$+++ goodfellas +++$+++ http://www.dailyscript.com/scripts/goodfellas.html"
"m373 +++$+++ good will hunting +++$+++ http://www.moviescriptsandscreenplays.com/BenandMatt/goodwillhunting.txt"
"m374 +++$+++ the grapes of wrath +++$+++ http://www.dailyscript.com/scripts/Grapes%20Of%20Wrath,%20The.txt"
"m375 +++$+++ grosse pointe blank +++$+++ http://www.dailyscript.com/scripts/Grosse%20Pointe%20Blank.txt"
"m376 +++$+++ the horse whisperer +++$+++ http://www.awesomefilm.com/script/h_whispr.txt"
"m377 +++$+++ hackers +++$+++ http://www.scifiscripts.com/scripts/hackers.txt"
"m378 +++$+++ halloween 4: the return of michael myers +++$+++ http://www.horrorlair.com/scripts/halloween4.txt"
"m379 +++$+++ halloween +++$+++ http://www.dailyscript.com/scripts/Halloween.txt"
"m380 +++$+++ hannah and her sisters +++$+++ http://www.dailyscript.com/scripts/Hannah%20And%20Her%20Sisters.txt"
"m381 +++$+++ hannibal +++$+++ http://www.dailyscript.com/scripts/Hannibal%20-%20Zaillian.txt"
"m382 +++$+++ happy campers +++$+++ http://www.dailyscript.com/scripts/happy-campers_early.html"
"m383 +++$+++ heathers +++$+++ http://www.dailyscript.com/scripts/heathers_shooting.html"
"m384 +++$+++ heavenly creatures +++$+++ http://www.awesomefilm.com/script/heavenlycreatures.html"
"m385 +++$+++ hellraiser: hellseeker +++$+++ http://www.horrorlair.com/scripts/hellraiser_hellseeker_orig.html"
"m386 +++$+++ hero +++$+++ http://www.dailyscript.com/scripts/hero1.html"
"m387 +++$+++ hider in the house +++$+++ http://www.dailyscript.com/scripts/hider-in-the-house.html"
"m388 +++$+++ highlander iii: the sorcerer +++$+++ http://www.scifiscripts.com/scripts/highlander3.txt"
"m389 +++$+++ hostage +++$+++ http://home.online.no/~bhundlan/scripts/hostage.htm"
"m390 +++$+++ hotel rwanda +++$+++ http://www.dailyscript.com/scripts/hotel_rwanda.html"
"m391 +++$+++ house on haunted hill +++$+++ http://www.dailyscript.com/scripts/house-on-haunted-hill.html"
"m392 +++$+++ house of the damned +++$+++ http://www.horrorlair.com/scripts/houseOfTheDamned.txt"
"m393 +++$+++ hellraiser iii: hell on earth +++$+++ http://www.cenobite.com/library/hr3-910701.txt"
"m394 +++$+++ hudson hawk +++$+++ http://www.dailyscript.com/scripts/hudson-hawk_early.html"
"m395 +++$+++ the hudsucker proxy +++$+++ http://www.dailyscript.com/scripts/Hudsucker%20Proxy,%20The.txt"
"m396 +++$+++ i walked with a zombie +++$+++ http://www.dailyscript.com/scripts/i-walked_with_a_zombie.html"
"m397 +++$+++ the ice storm +++$+++ http://www.dailyscript.com/scripts/icestorm.html"
"m398 +++$+++ insomnia +++$+++ http://www.dailyscript.com/scripts/insomnia.html"
"m399 +++$+++ interview with the vampire: the vampire chronicles +++$+++ http://www.scifiscripts.com/scripts/interview.txt"
"m400 +++$+++ i still know what you did last summer +++$+++ http://www.horrorlair.com/scripts/iskwydls.txt"
"m401 +++$+++ isle of the dead +++$+++ http://www.dailyscript.com/scripts/isleofthedead.htm"
"m402 +++$+++ it's a wonderful life +++$+++ http://www.aellea.com/script/itsawonderfullife.txt"
"m403 +++$+++ jaws 2 +++$+++ http://www.dailyscript.com/scripts/Jaws%202.txt"
"m404 +++$+++ jaws 3-d +++$+++ http://www.horrorlair.com/scripts/jaws3_1st_draft.txt"
"m405 +++$+++ jaws: the revenge +++$+++ http://www.horrorlair.com/scripts/jaws_the_revenge.txt"
"m406 +++$+++ the jazz singer +++$+++ http://www.aellea.com/script/jazzsinger.txt"
"m407 +++$+++ jennifer eight +++$+++ http://www.dailyscript.com/scripts/jennifer-eight-script.html"
"m408 +++$+++ jerry maguire +++$+++ http://www.awesomefilm.com/script/jerryMaguire.txt"
"m409 +++$+++ jurassic park iii +++$+++ http://www.dailyscript.com/scripts/jp3.html"
"m410 +++$+++ the lost world: jurassic park +++$+++ http://www.horrorlair.com/scripts/jurassic2_thw.txt"
"m411 +++$+++ jurassic park +++$+++ http://www.scifiscripts.com/scripts/JurassicPark_1stDraft.txt"
"m412 +++$+++ freddy vs. jason +++$+++ http://www.horrorlair.com/scripts/jvsf_bm.txt"
"m413 +++$+++ kafka +++$+++ http://www.dailyscript.com/scripts/kafka.html"
"m414 +++$+++ king kong +++$+++ http://www.scifiscripts.com/scripts/kingkong.txt"
"m415 +++$+++ klute +++$+++ http://www.dailyscript.com/scripts/klute.html"
"m416 +++$+++ kramer vs. kramer +++$+++ http://www.dailyscript.com/scripts/Kramer%20vs%20Kramer.txt"
"m417 +++$+++ kundun +++$+++ http://www.dailyscript.com/scripts/Kundun.txt"
"m418 +++$+++ lake placid +++$+++ http://www.dailyscript.com/scripts/lake-placid.html"
"m419 +++$+++ the silence of the lambs +++$+++ http://www.horrorlair.com/scripts/lambsfinal.txt"
"m420 +++$+++ last of the mohicans +++$+++ http://www.dailyscript.com/scripts/last-of-the-mohicans-script.html"
"m421 +++$+++ leviathan +++$+++ http://www.dailyscript.com/scripts/leviathan_shooting.html"
"m422 +++$+++ lock, stock and two smoking barrels +++$+++ http://www.scifiscripts.com/msol/lockstock_screenplay.txt"
"m423 +++$+++ lone star +++$+++ http://www.dailyscript.com/scripts/Lone%20Star.txt"
"m424 +++$+++ lord of illusions +++$+++ http://www.dailyscript.com/scripts/lordofillusions.html"
"m425 +++$+++ lost in translation +++$+++ http://www.dailyscript.com/scripts/lost-in-translation-script.html"
"m426 +++$+++ lost souls +++$+++ http://www.horrorlair.com/scripts/lostsouls.txt"
"m427 +++$+++ love & basketball +++$+++ http://www.dailyscript.com/scripts/love_and_basketball.html"
"m428 +++$+++ magnolia +++$+++ http://www.dailyscript.com/scripts/magnolia.html"
"m429 +++$+++ the man in the iron mask +++$+++ http://www.dailyscript.com/scripts/man_in_iron_mask_95.html"
"m430 +++$+++ manhunt +++$+++ http://www.awesomefilm.com/script/manhunt.html"
"m431 +++$+++ manhunter +++$+++ http://www.dailyscript.com/scripts/manhunter.html"
"m432 +++$+++ man on the moon +++$+++ http://www.scifiscripts.com/msol/manonthemoon.txt"
"m433 +++$+++ the matrix +++$+++ http://www.scifiscripts.com/scripts/matrix_97_draft.txt"
"m434 +++$+++ halloween iii: season of the witch +++$+++ http://www.dailyscript.com/scripts/meanstreet.html"
"m435 +++$+++ meet joe black +++$+++ http://www.awesomefilm.com/script/meetjoeblack.txt"
"m436 +++$+++ memento +++$+++ http://www.dailyscript.com/scripts/memento.html"
"m437 +++$+++ miami vice +++$+++ http://www.dailyscript.com/scripts/miamivice.html"
"m438 +++$+++ midnight cowboy +++$+++ http://www.dailyscript.com/scripts/Midnight%20Cowboy.txt"
"m439 +++$+++ midnight express +++$+++ http://www.dailyscript.com/scripts/midnightexpress.html"
"m440 +++$+++ mimic +++$+++ http://www.dailyscript.com/scripts/mimic_production.html"
"m441 +++$+++ misery +++$+++ http://www.dailyscript.com/scripts/Misery.txt"
"m442 +++$+++ mission: impossible ii +++$+++ http://www.dailyscript.com/scripts/mission-impossible-2_shoot.html"
"m443 +++$+++ mission: impossible +++$+++ http://www.dailyscript.com/scripts/mission-impossible_shoot.html"
"m444 +++$+++ moonstruck +++$+++ http://www.dailyscript.com/scripts/Moonstruck.txt"
"m445 +++$+++ monty python and the holy grail +++$+++ http://www.angelfire.com/movies/closedcaptioned/mp-holy.txt"
"m446 +++$+++ mrs brown +++$+++ http://www.dailyscript.com/scripts/mrs_brown.html"
"m447 +++$+++ arcade +++$+++ http://www.awesomefilm.com/script/ms_arcad.txt"
"m448 +++$+++ mulholland dr. +++$+++ http://www.dailyscript.com/scripts/mulholland_drive.html"
"m449 +++$+++ ""murderland"" +++$+++ http://www.awesomefilm.com/script/murderland.html"
"m450 +++$+++ my girl 2 +++$+++ http://www.scifiscripts.com/msol/my_girl_2.html"
"m451 +++$+++ my girl +++$+++ http://www.scifiscripts.com/msol/my_girl.html"
"m452 +++$+++ my best friend's wedding +++$+++ http://www.awesomefilm.com/script/mybestfriendswedding.txt"
"m453 +++$+++ nashville +++$+++ http://www.dailyscript.com/scripts/nashville.html"
"m454 +++$+++ natural born killers +++$+++ http://www.dailyscript.com/scripts/natural-born-killers_shoot.html"
"m455 +++$+++ nothing but a man +++$+++ http://www.aellea.com/emruf3/nbam.html"
"m456 +++$+++ the negotiator +++$+++ http://www.angelfire.com/movies/moviefreak/negotiator.html"
"m457 +++$+++ neuromancer +++$+++ http://www.scifiscripts.com/scripts/neuromancer.txt"
"m458 +++$+++ never been kissed +++$+++ http://www.dailyscript.com/scripts/neverbeenkissed.html"
"m459 +++$+++ the nightmare before christmas +++$+++ http://www.dailyscript.com/scripts/nightmare-b4-xmas_early.html"
"m460 +++$+++ a nightmare on elm street part 2: freddy's revenge +++$+++ http://www.horrorlair.com/scripts/nightmare_on_elm_street2.txt"
"m461 +++$+++ a nightmare on elm street 3: dream warriors +++$+++ http://www.horrorlair.com/scripts/nightmare_on_elm_street3.txt"
"m462 +++$+++ notting hill +++$+++ http://www.awesomefilm.com/script/nothill.txt"
"m463 +++$+++ one flew over the cuckoo's nest +++$+++ http://www.dailyscript.com/scripts/One%20Flew%20Over%20The%20Cuckoo's%20Nest.txt"
"m464 +++$+++ only you +++$+++ http://www.awesomefilm.com/script/onlyyou.html"
"m465 +++$+++ on the waterfront +++$+++ http://www.dailyscript.com/scripts/onthewaterfront.html"
"m466 +++$+++ orgy of the dead +++$+++ http://www.horrorlair.com/HorrorWorld/edwood/orgyofthedead.html"
"m467 +++$+++ out of sight +++$+++ http://www.dailyscript.com/scripts/Out%20Of%20Sight.txt"
"m468 +++$+++ pearl harbor +++$+++ http://www.dailyscript.com/scripts/pearl_harbor_early.html"
"m469 +++$+++ peggy sue got married +++$+++ http://www.dailyscript.com/scripts/peggysue.html"
"m470 +++$+++ pet sematary ii +++$+++ http://www.dailyscript.com/scripts/petsemetaryii.html"
"m471 +++$+++ philadelphia +++$+++ http://www.dailyscript.com/scripts/philadelphia.html"
"m472 +++$+++ pitch black +++$+++ http://www.dailyscript.com/scripts/pitch-black_shooting.html"
"m473 +++$+++ planet of the apes +++$+++ http://www.scifiscripts.com/scripts/POTA_Remake.txt"
"m474 +++$+++ platoon +++$+++ http://www.dailyscript.com/scripts/Platoon.txt"
"m475 +++$+++ playback +++$+++ http://www.dailyscript.com/scripts/playback.html"
"m476 +++$+++ the ploughman's lunch +++$+++ http://www.dailyscript.com/scripts/ploughmans_lunch.html"
"m477 +++$+++ point break +++$+++ http://www.awesomefilm.com/script/pointbreak.html"
"m478 +++$+++ predator +++$+++ http://www.scifiscripts.com/scripts/predator.txt"
"m479 +++$+++ pretty woman +++$+++ http://www.awesomefilm.com/script/prettywoman.html"
"m480 +++$+++ the princess bride +++$+++ http://www.dailyscript.com/scripts/Princess%20Bride,%20The.txt"
"m481 +++$+++ the producers +++$+++ http://www.dailyscript.com/scripts/Producers,%20The.txt"
"m482 +++$+++ psycho +++$+++ http://www.dailyscript.com/scripts/Psycho.txt"
"m483 +++$+++ maniac +++$+++ http://www.aellea.com/script/qMANIAC.htm"
"m484 +++$+++ vampyr +++$+++ http://www.aellea.com/script/qVAMPYR.htm"
"m485 +++$+++ mystery of the wax museum +++$+++ http://www.aellea.com/script/qWAX.htm"
"m486 +++$+++ quantum project +++$+++ http://www.dailyscript.com/scripts/quantumproject.html"
"m487 +++$+++ rambling rose +++$+++ http://www.dailyscript.com/scripts/ramblingrose.html"
"m488 +++$+++ red white black & blue +++$+++ http://www.awesomefilm.com/script/redwhiteblackandblue.html"
"m489 +++$+++ star wars: episode vi - return of the jedi +++$+++ http://www.scifiscripts.com/scripts/revengeofthejedi.txt"
"m490 +++$+++ the rocky horror picture show +++$+++ http://www.horrorlair.com/scripts/rhps.txt"
"m491 +++$+++ rocky +++$+++ http://www.dailyscript.com/scripts/Rocky.txt"
"m492 +++$+++ who framed roger rabbit +++$+++ http://www.scifiscripts.com/cartoon/roger-rabbit.htm"
"m493 +++$+++ romeo and juliet +++$+++ http://www.awesomefilm.com/script/romeo+juliet.txt"
"m494 +++$+++ ronin +++$+++ http://www.dailyscript.com/scripts/ronin_early.html"
"m495 +++$+++ route 9 +++$+++ http://home.earthlink.net/~bhb1/scripts/rt9/route_9.html"
"m496 +++$+++ rush hour 2 +++$+++ http://www.dailyscript.com/scripts/rush_hour_2.html"
"m497 +++$+++ rush hour +++$+++ http://www.dailyscript.com/scripts/RushHour.html"
"m498 +++$+++ runaway bride +++$+++ http://www.awesomefilm.com/script/rwbride.html"
"m499 +++$+++ sleepless in seattle +++$+++ http://www.awesomefilm.com/script/s_seatl.html"
"m500 +++$+++ salt of the earth +++$+++ http://www.aellea.com/script/salt.txt"
"m501 +++$+++ the salton sea +++$+++ http://www.dailyscript.com/scripts/salton_sea.html"
"m502 +++$+++ saving private ryan +++$+++ http://www.moviescriptsandscreenplays.com/BenandMatt/savingprivateryan.txt"
"m503 +++$+++ say anything... +++$+++ http://www.moviescriptsandscreenplays.com/johncusack/scripts/sayanything.txt"
"m504 +++$+++ schindler's list +++$+++ http://www.awesomefilm.com/script/schindlerslist.txt"
"m505 +++$+++ scream 2 +++$+++ http://www.horrorlair.com/scripts/scream2.txt"
"m506 +++$+++ scream 3 +++$+++ http://www.horrorlair.com/scripts/scream3_early_draft.txt"
"m507 +++$+++ scream +++$+++ http://www.dailyscript.com/scripts/Scream.txt"
"m508 +++$+++ seven +++$+++ http://www.horrorlair.com/scripts/se7en.html"
"m509 +++$+++ the searchers +++$+++ http://www.dailyscript.com/scripts/Searchers,%20The.txt"
"m510 +++$+++ seven days to live +++$+++ http://www.horrorlair.com/scripts/sevendaystolive_2nd.html"
"m511 +++$+++ shakespeare in love +++$+++ http://www.dailyscript.com/scripts/Shakespeare%20In%20Love.txt"
"m512 +++$+++ shallow grave +++$+++ http://www.horrorlair.com/scripts/shallow.txt"
"m513 +++$+++ shampoo +++$+++ http://www.dailyscript.com/scripts/shampoo.html"
"m514 +++$+++ the shining +++$+++ http://www.dailyscript.com/scripts/shining.html"
"m515 +++$+++ silver bullet +++$+++ http://www.dailyscript.com/scripts/silverbullet.html"
"m516 +++$+++ sister act +++$+++ http://www.scifiscripts.com/msol/sister_act.txt"
"m517 +++$+++ sleepy hollow +++$+++ http://www.dailyscript.com/scripts/sleepy-hollow_shooting.html"
"m518 +++$+++ sling blade +++$+++ http://www.dailyscript.com/scripts/Sling%20Blade.txt"
"m519 +++$+++ smoke +++$+++ http://www.awesomefilm.com/script/smoke.txt"
"m520 +++$+++ snow falling on cedars +++$+++ http://www.dailyscript.com/scripts/snow-falling_shooting.html"
"m521 +++$+++ soldier +++$+++ http://www.dailyscript.com/scripts/soldier.html"
"m522 +++$+++ some like it hot +++$+++ http://www.dailyscript.com/scripts/Some+Like+It+Hot.txt"
"m523 +++$+++ the wedding date +++$+++ http://www.dailyscript.com/scripts/somethingborrowed.html"
"m524 +++$+++ sounder +++$+++ http://www.aellea.com/script/sounder.txt"
"m525 +++$+++ south park: bigger longer & uncut +++$+++ http://www.dailyscript.com/scripts/south-park.html"
"m526 +++$+++ spacejacked +++$+++ http://www.scifiscripts.com/scripts/spaceJacked.txt"
"m527 +++$+++ spare me +++$+++ http://www.dailyscript.com/scripts/spareme.html"
"m528 +++$+++ sphere +++$+++ http://www.dailyscript.com/scripts/sphere_shooting.html"
"m529 +++$+++ star wars +++$+++ http://www.scifiscripts.com/scripts/star_wars_3rd.txt"
"m530 +++$+++ starship troopers +++$+++ http://www.scifiscripts.com/scripts/starship_troopers.txt"
"m531 +++$+++ star trek: the motion picture +++$+++ http://www.dailyscript.com/scripts/startrek01.html"
"m532 +++$+++ state and main +++$+++ http://www.dailyscript.com/scripts/State+And+Main.txt"
"m533 +++$+++ stepmom +++$+++ http://www.dailyscript.com/scripts/stepmom.html"
"m534 +++$+++ storytelling +++$+++ http://www.dailyscript.com/scripts/storytelling.html"
"m535 +++$+++ stranglehold +++$+++ http://www.horrorlair.com/scripts/strangehold.txt"
"m536 +++$+++ dr. strangelove or: how i learned to stop worrying and love the bomb +++$+++ http://www.visual-memory.co.uk/amk/doc/0055.html"
"m537 +++$+++ suburbia +++$+++ http://www.awesomefilm.com/script/suburbia.html"
"m538 +++$+++ sugar & spice +++$+++ http://www.dailyscript.com/scripts/sugarandspice.html"
"m539 +++$+++ sunset blvd. +++$+++ http://www.dailyscript.com/scripts/sunset_bld_3_21_49.html"
"m540 +++$+++ supergirl +++$+++ http://www.scifiscripts.com/scripts/supergirl.txt"
"m541 +++$+++ superman iii +++$+++ http://www.scifiscripts.com/scripts/superman3_script.txt"
"m542 +++$+++ superman ii +++$+++ http://www.scifiscripts.com/scripts/supermanii_scriptment_2_76.txt"
"m543 +++$+++ superman iv: the quest for peace +++$+++ http://www.scifiscripts.com/scripts/superman_IV.txt"
"m544 +++$+++ superman +++$+++ http://www.scifiscripts.com/scripts/superman_original.txt"
"m545 +++$+++ the sweet hereafter +++$+++ http://www.dailyscript.com/scripts/sweethereafter.html"
"m546 +++$+++ sweet smell of success +++$+++ http://www.dailyscript.com/scripts/sweetsmell.html"
"m547 +++$+++ terminator 2: judgment day +++$+++ http://www.scifiscripts.com/scripts/t2.txt"
"m548 +++$+++ taking sides +++$+++ http://www.dailyscript.com/scripts/takingsides.html"
"m549 +++$+++ the terminator +++$+++ http://www.scifiscripts.com/scripts/terminator_1_4th_draft.txt"
"m550 +++$+++ the game +++$+++ http://www.dailyscript.com/scripts/the-game-early.html"
"m551 +++$+++ the haunting +++$+++ http://www.dailyscript.com/scripts/the-haunting_production.html"
"m552 +++$+++ the limey +++$+++ http://www.dailyscript.com/scripts/the-limey.html"
"m553 +++$+++ the man who wasn't there +++$+++ http://www.dailyscript.com/scripts/Man%20Who%20Wasn't%20There,%20The.txt"
"m554 +++$+++ the relic +++$+++ http://www.dailyscript.com/scripts/the-relic_early.html"
"m555 +++$+++ the truman show +++$+++ http://www.dailyscript.com/scripts/the-truman-show_shooting.html"
"m556 +++$+++ the x files +++$+++ http://www.dailyscript.com/scripts/the-x-files_production.html"
"m557 +++$+++ the cell +++$+++ http://www.dailyscript.com/scripts/the_cell.html"
"m558 +++$+++ the third man +++$+++ http://www.dailyscript.com/scripts/the_third_man.html"
"m559 +++$+++ the beach +++$+++ http://www.scifiscripts.com/msol/beach/script01_15.htm"
"m560 +++$+++ the believer +++$+++ http://www.dailyscript.com/scripts/thebeliever.html"
"m561 +++$+++ le grand bleu +++$+++ http://www.dailyscript.com/scripts/thebigblue.html"
"m562 +++$+++ the hebrew hammer +++$+++ http://www.dailyscript.com/scripts/thehebrewhammer.html"
"m563 +++$+++ the leopard man +++$+++ http://www.dailyscript.com/scripts/theleopardman.htm"
"m564 +++$+++ the lost son +++$+++ http://www.alibi-books.com/thelostson/thelostson.htm"
"m565 +++$+++ the messenger +++$+++ http://www.awesomefilm.com/script/themessenger.txt"
"m566 +++$+++ the pianist +++$+++ http://www.dailyscript.com/scripts/Pianist,%20The.txt"
"m567 +++$+++ the piano +++$+++ http://www.dailyscript.com/scripts/thepianolesson.html"
"m568 +++$+++ the sting +++$+++ http://www.dailyscript.com/scripts/Sting,%20The.txt"
"m569 +++$+++ the thin man +++$+++ http://www.geocities.com/kingrr/thin.html"
"m570 +++$+++ three kings +++$+++ http://www.dailyscript.com/scripts/three-kings_unproduced.html"
"m571 +++$+++ thx 1138 +++$+++ http://www.scifiscripts.com/scripts/thx1138.txt"
"m572 +++$+++ ticker +++$+++ http://www.dailyscript.com/scripts/ticker.html"
"m573 +++$+++ trouble in paradise +++$+++ http://www.aellea.com/emruf3/tip.html"
"m574 +++$+++ titanic +++$+++ http://www.dailyscript.com/scripts/Titanic.txt"
"m575 +++$+++ transatlantic merry-go-round +++$+++ http://www.aellea.com/emruf3/tm.html"
"m576 +++$+++ tombstone +++$+++ http://www.dailyscript.com/scripts/tomb_stone.html"
"m577 +++$+++ tomorrow never dies +++$+++ http://www.awesomefilm.com/script/tomorrowneverdies.txt"
"m578 +++$+++ to sleep with anger +++$+++ http://www.dailyscript.com/scripts/tosleepwithanger.html"
"m579 +++$+++ toy story +++$+++ http://www.dailyscript.com/scripts/toy_story.html"
"m580 +++$+++ the magic toyshop +++$+++ http://www.aellea.com/emruf3/toyshop.html"
"m581 +++$+++ traffic +++$+++ http://www.dailyscript.com/scripts/Traffic.txt"
"m582 +++$+++ trainspotting +++$+++ http://www.awesomefilm.com/script/trainspotting.html"
"m583 +++$+++ star trek v: the final frontier +++$+++ http://www.scifiscripts.com/scripts/trek5.txt"
"m584 +++$+++ tron +++$+++ http://www.scifiscripts.com/scripts/tron.txt"
"m585 +++$+++ true lies +++$+++ http://www.awesomefilm.com/script/truelies.txt"
"m586 +++$+++ true romance +++$+++ http://www.awesomefilm.com/script/trueromance.html"
"m587 +++$+++ twelve monkeys +++$+++ http://www.horrorlair.com/scripts/twelvemonkeys.html"
"m588 +++$+++ u-turn +++$+++ http://www.dailyscript.com/scripts/u-turn_early.html"
"m589 +++$+++ u turn +++$+++ http://www.dailyscript.com/scripts/u-turn_shooting.html"
"m590 +++$+++ unbreakable +++$+++ http://www.dailyscript.com/scripts/Unbreakable.txt"
"m591 +++$+++ unforgiven +++$+++ http://www.dailyscript.com/scripts/Unforgiven.txt"
"m592 +++$+++ the usual suspects +++$+++ http://www.dailyscript.com/scripts/Usual%20Suspects,%20The.txt"
"m593 +++$+++ verdict +++$+++ http://www.scifiscripts.com/msol/verdict.txt"
"m594 +++$+++ vertigo +++$+++ http://www.dailyscript.com/scripts/Vertigo.txt"
"m595 +++$+++ very bad things +++$+++ http://www.dailyscript.com/scripts/Very+Bad+Things.txt"
"m596 +++$+++ viridiana +++$+++ http://www.aellea.com/script/viridiana.txt"
"m597 +++$+++ virtuosity +++$+++ http://www.dailyscript.com/scripts/virtuosity.html"
"m598 +++$+++ wag the dog +++$+++ http://www.dailyscript.com/scripts/wag-the-dog_production.html"
"m599 +++$+++ wall street +++$+++ http://www.dailyscript.com/scripts/wall_street.html"
"m600 +++$+++ waxwork +++$+++ http://www.horrorlair.com/scripts/waxwork.txt"
"m601 +++$+++ what lies beneath +++$+++ http://www.dailyscript.com/scripts/What+Lies+Beneath.txt"
"m602 +++$+++ what women want +++$+++ http://www.awesomefilm.com/script/whatwomenwant.html"
"m603 +++$+++ the witching hour +++$+++ http://www.scifiscripts.com/scripts/whitching_hour.txt"
"m604 +++$+++ white angel +++$+++ http://www.horrorlair.com/scripts/whiteang.txt"
"m605 +++$+++ who's your daddy? +++$+++ http://www.cvisual.com/film-techniques/whos-your-daddy-by-maria-veltre-and-jack-sekowski.txt"
"m606 +++$+++ wild things +++$+++ http://www.dailyscript.com/scripts/Wild+Things.txt"
"m607 +++$+++ wild wild west +++$+++ http://www.scifiscripts.com/scripts/wildwest.txt"
"m608 +++$+++ willow +++$+++ http://www.scifiscripts.com/scripts/willow.txt"
"m609 +++$+++ witness +++$+++ http://www.dailyscript.com/scripts/Witness.txt"
"m610 +++$+++ the wizard of oz +++$+++ http://www.scifiscripts.com/scripts/wizoz.txt"
"m611 +++$+++ the world is not enough +++$+++ http://www.awesomefilm.com/script/worldisnotenough.txt"
"m612 +++$+++ watchmen +++$+++ http://www.scifiscripts.com/scripts/wtchmn.txt"
"m613 +++$+++ xxx +++$+++ http://www.dailyscript.com/scripts/xXx.txt"
"m614 +++$+++ x-men +++$+++ http://www.scifiscripts.com/scripts/xmenthing.txt"
"m615 +++$+++ young frankenstein +++$+++ http://www.horrorlair.com/scripts/young.txt"
"m616 +++$+++ zulu dawn +++$+++ http://www.aellea.com/script/zuludawn.txt"
